371200	MadGraphPythia8EvtGen_A14N_GG_2stepWZ_600_350_225_100	7.44230000	1.00000 	1.00000 	0.00342
371201	MadGraphPythia8EvtGen_A14N_GG_2stepWZ_600_450_375_300	7.42650000	1.00000 	1.00000 	0.00303
371202	MadGraphPythia8EvtGen_A14N_GG_2stepWZ_600_500_450_400	7.43150000	1.00000 	1.00000 	0.00256
371203	MadGraphPythia8EvtGen_A14N_GG_2stepWZ_600_550_525_500	7.45700000	1.00000 	1.00000 	0.00376
371204	MadGraphPythia8EvtGen_A14N_GG_2stepWZ_600_576_564_552	7.41200000	1.00000 	1.00000 	0.00378
371205	MadGraphPythia8EvtGen_A14N_GG_2stepWZ_700_650_625_600	2.77200000	1.00000 	1.00000 	0.00577
371206	MadGraphPythia8EvtGen_A14N_GG_2stepWZ_800_450_275_100	1.13800000	1.00000 	1.00000 	0.00264
371207	MadGraphPythia8EvtGen_A14N_GG_2stepWZ_800_550_425_300	1.13730000	1.00000 	1.00000 	0.00132
371208	MadGraphPythia8EvtGen_A14N_GG_2stepWZ_800_600_500_400	1.13850000	1.00000 	1.00000 	0.00263
371209	MadGraphPythia8EvtGen_A14N_GG_2stepWZ_800_650_575_500	1.13600000	1.00000 	1.00000 	0.00309
371210	MadGraphPythia8EvtGen_A14N_GG_2stepWZ_800_700_650_600	1.14000000	1.00000 	1.00000 	0.00263
371211	MadGraphPythia8EvtGen_A14N_GG_2stepWZ_800_750_725_700	1.13900000	1.00000 	1.00000 	0.00263
371212	MadGraphPythia8EvtGen_A14N_GG_2stepWZ_800_776_764_752	1.13780000	1.00000 	1.00000 	0.00176
371213	MadGraphPythia8EvtGen_A14N_GG_2stepWZ_900_750_675_600	0.50018000	1.00000 	1.00000 	0.00050
371214	MadGraphPythia8EvtGen_A14N_GG_2stepWZ_900_800_750_700	0.49990000	1.00000 	1.00000 	0.00290
371215	MadGraphPythia8EvtGen_A14N_GG_2stepWZ_900_850_825_800	0.50030000	1.00000 	1.00000 	0.00110
371216	MadGraphPythia8EvtGen_A14N_GG_2stepWZ_1000_550_325_100	0.23263000	1.00000 	1.00000 	0.00301
371217	MadGraphPythia8EvtGen_A14N_GG_2stepWZ_1000_650_475_300	0.23235000	1.00000 	1.00000 	0.00237
371218	MadGraphPythia8EvtGen_A14N_GG_2stepWZ_1000_750_625_500	0.23248000	1.00000 	1.00000 	0.00388
371219	MadGraphPythia8EvtGen_A14N_GG_2stepWZ_1000_800_700_600	0.23295000	1.00000 	1.00000 	0.00193
371220	MadGraphPythia8EvtGen_A14N_GG_2stepWZ_1000_850_775_700	0.23255000	1.00000 	1.00000 	0.00022
371221	MadGraphPythia8EvtGen_A14N_GG_2stepWZ_1000_900_850_800	0.23248000	1.00000 	1.00000 	0.00129
371222	MadGraphPythia8EvtGen_A14N_GG_2stepWZ_1000_950_925_900	0.23245000	1.00000 	1.00000 	0.00043
371223	MadGraphPythia8EvtGen_A14N_GG_2stepWZ_1100_750_575_400	0.11305000	1.00000 	1.00000 	0.00088
371224	MadGraphPythia8EvtGen_A14N_GG_2stepWZ_1100_800_650_500	0.11305000	1.00000 	1.00000 	0.00310
371225	MadGraphPythia8EvtGen_A14N_GG_2stepWZ_1100_850_725_600	0.11313000	1.00000 	1.00000 	0.00221
371226	MadGraphPythia8EvtGen_A14N_GG_2stepWZ_1100_900_800_700	0.11298000	1.00000 	1.00000 	0.00177
371227	MadGraphPythia8EvtGen_A14N_GG_2stepWZ_1100_950_875_800	0.11313000	1.00000 	1.00000 	0.00221
371228	MadGraphPythia8EvtGen_A14N_GG_2stepWZ_1100_1000_950_900	0.11310000	1.00000 	1.00000 	0.00088
371229	MadGraphPythia8EvtGen_A14N_GG_2stepWZ_1200_650_375_100	0.05703500	1.00000 	1.00000 	0.00149
371230	MadGraphPythia8EvtGen_A14N_GG_2stepWZ_1200_750_525_300	0.05698300	1.00000 	1.00000 	0.00307
371231	MadGraphPythia8EvtGen_A14N_GG_2stepWZ_1200_800_600_400	0.05709000	1.00000 	1.00000 	0.00377
371232	MadGraphPythia8EvtGen_A14N_GG_2stepWZ_1200_850_675_500	0.05698800	1.00000 	1.00000 	0.00263
371233	MadGraphPythia8EvtGen_A14N_GG_2stepWZ_1200_900_750_600	0.05705000	1.00000 	1.00000 	0.00193
371234	MadGraphPythia8EvtGen_A14N_GG_2stepWZ_1200_950_825_700	0.05701300	1.00000 	1.00000 	0.00202
371235	MadGraphPythia8EvtGen_A14N_GG_2stepWZ_1200_1000_900_800	0.05702300	1.00000 	1.00000 	0.00245
371236	MadGraphPythia8EvtGen_A14N_GG_2stepWZ_1200_1050_975_900	0.05705300	1.00000 	1.00000 	0.00228
371237	MadGraphPythia8EvtGen_A14N_GG_2stepWZ_1300_700_400_100	0.02957300	1.00000 	1.00000 	0.00118
371238	MadGraphPythia8EvtGen_A14N_GG_2stepWZ_1300_750_475_200	0.02963500	1.00000 	1.00000 	0.00202
371239	MadGraphPythia8EvtGen_A14N_GG_2stepWZ_1300_800_550_300	0.02964000	1.00000 	1.00000 	0.00202
371240	MadGraphPythia8EvtGen_A14N_GG_2stepWZ_1300_850_625_400	0.02961800	1.00000 	1.00000 	0.00270
371241	MadGraphPythia8EvtGen_A14N_GG_2stepWZ_1300_900_700_500	0.02959000	1.00000 	1.00000 	0.00304
371242	MadGraphPythia8EvtGen_A14N_GG_2stepWZ_1300_950_775_600	0.02966800	1.00000 	1.00000 	0.00253
371243	MadGraphPythia8EvtGen_A14N_GG_2stepWZ_1300_1000_850_700	0.02959500	1.00000 	1.00000 	0.00220
371244	MadGraphPythia8EvtGen_A14N_GG_2stepWZ_1300_1050_925_800	0.02963300	1.00000 	1.00000 	0.00152
371245	MadGraphPythia8EvtGen_A14N_GG_2stepWZ_1300_1100_1000_900	0.02959000	1.00000 	1.00000 	0.00220
371246	MadGraphPythia8EvtGen_A14N_GG_2stepWZ_1400_750_425_100	0.01578500	1.00000 	1.00000 	0.00158
371247	MadGraphPythia8EvtGen_A14N_GG_2stepWZ_1400_800_500_200	0.01578300	1.00000 	1.00000 	0.00190
371248	MadGraphPythia8EvtGen_A14N_GG_2stepWZ_1400_850_575_300	0.01579000	1.00000 	1.00000 	0.00095
371249	MadGraphPythia8EvtGen_A14N_GG_2stepWZ_1400_900_650_400	0.01577800	1.00000 	1.00000 	0.00158
371250	MadGraphPythia8EvtGen_A14N_GG_2stepWZ_1400_950_725_500	0.01578000	1.00000 	1.00000 	0.00158
371251	MadGraphPythia8EvtGen_A14N_GG_2stepWZ_1400_1000_800_600	0.01576500	1.00000 	1.00000 	0.00254
371252	MadGraphPythia8EvtGen_A14N_GG_2stepWZ_1400_1050_875_700	0.01578000	1.00000 	1.00000 	0.00190
371253	MadGraphPythia8EvtGen_A14N_GG_2stepWZ_1400_1100_950_800	0.01576300	1.00000 	1.00000 	0.00254
371254	MadGraphPythia8EvtGen_A14N_GG_2stepWZ_1400_1150_1025_900	0.01578000	1.00000 	1.00000 	0.00158
371255	MadGraphPythia8EvtGen_A14N_GG_2stepWZ_1500_800_450_100	0.00858150	1.00000 	1.00000 	0.00309
371256	MadGraphPythia8EvtGen_A14N_GG_2stepWZ_1500_850_525_200	0.00857680	1.00000 	1.00000 	0.00227
371257	MadGraphPythia8EvtGen_A14N_GG_2stepWZ_1500_900_600_300	0.00858130	1.00000 	1.00000 	0.00111
371258	MadGraphPythia8EvtGen_A14N_GG_2stepWZ_1500_950_675_400	0.00857700	1.00000 	1.00000 	0.00105
371259	MadGraphPythia8EvtGen_A14N_GG_2stepWZ_1500_1000_750_500	0.00858580	1.00000 	1.00000 	0.00151
371260	MadGraphPythia8EvtGen_A14N_GG_2stepWZ_1500_1050_825_600	0.00858400	1.00000 	1.00000 	0.00111
371261	MadGraphPythia8EvtGen_A14N_GG_2stepWZ_1500_1100_900_700	0.00858200	1.00000 	1.00000 	0.00099
371262	MadGraphPythia8EvtGen_A14N_GG_2stepWZ_1500_1150_975_800	0.00857450	1.00000 	1.00000 	0.00251
371263	MadGraphPythia8EvtGen_A14N_GG_2stepWZ_1500_1200_1050_900	0.00857850	1.00000 	1.00000 	0.00210
371264	MadGraphPythia8EvtGen_A14N_GG_2stepWZ_1600_850_475_100	0.00474780	1.00000 	1.00000 	0.00211
371265	MadGraphPythia8EvtGen_A14N_GG_2stepWZ_1600_900_550_200	0.00474830	1.00000 	1.00000 	0.00158
371266	MadGraphPythia8EvtGen_A14N_GG_2stepWZ_1600_950_625_300	0.00474700	1.00000 	1.00000 	0.00316
371267	MadGraphPythia8EvtGen_A14N_GG_2stepWZ_1600_1000_700_400	0.00474480	1.00000 	1.00000 	0.00063
371268	MadGraphPythia8EvtGen_A14N_GG_2stepWZ_1600_1050_775_500	0.00475150	1.00000 	1.00000 	0.00263
371269	MadGraphPythia8EvtGen_A14N_GG_2stepWZ_1600_1100_850_600	0.00474350	1.00000 	1.00000 	0.00126
371270	MadGraphPythia8EvtGen_A14N_GG_2stepWZ_1600_1150_925_700	0.00474930	1.00000 	1.00000 	0.00295
371271	MadGraphPythia8EvtGen_A14N_GG_2stepWZ_1600_1200_1000_800	0.00474750	1.00000 	1.00000 	0.00126
371272	MadGraphPythia8EvtGen_A14N_GG_2stepWZ_1600_1250_1075_900	0.00474700	1.00000 	1.00000 	0.00190
371273	MadGraphPythia8EvtGen_A14N_GG_2stepWZ_1700_900_500_100	0.00266580	1.00000 	1.00000 	0.00169
371274	MadGraphPythia8EvtGen_A14N_GG_2stepWZ_1700_950_575_200	0.00266380	1.00000 	1.00000 	0.00131
371275	MadGraphPythia8EvtGen_A14N_GG_2stepWZ_1700_1000_650_300	0.00266800	1.00000 	1.00000 	0.00075
371276	MadGraphPythia8EvtGen_A14N_GG_2stepWZ_1700_1050_725_400	0.00266380	1.00000 	1.00000 	0.00113
371277	MadGraphPythia8EvtGen_A14N_GG_2stepWZ_1700_1100_800_500	0.00266430	1.00000 	1.00000 	0.00225
371278	MadGraphPythia8EvtGen_A14N_GG_2stepWZ_1700_1150_875_600	0.00266030	1.00000 	1.00000 	0.00320
371279	MadGraphPythia8EvtGen_A14N_GG_2stepWZ_1700_1200_950_700	0.00266350	1.00000 	1.00000 	0.00300
371280	MadGraphPythia8EvtGen_A14N_GG_2stepWZ_1700_1250_1025_800	0.00266300	1.00000 	1.00000 	0.00244
371281	MadGraphPythia8EvtGen_A14N_GG_2stepWZ_1700_1300_1100_900	0.00266530	1.00000 	1.00000 	0.00056
371282	MadGraphPythia8EvtGen_A14N_GG_2stepWZ_1800_950_525_100	0.00151650	1.00000 	1.00000 	0.00165
371283	MadGraphPythia8EvtGen_A14N_GG_2stepWZ_1800_1000_600_200	0.00151550	1.00000 	1.00000 	0.00132
371284	MadGraphPythia8EvtGen_A14N_GG_2stepWZ_1800_1050_675_300	0.00151630	1.00000 	1.00000 	0.00066
371285	MadGraphPythia8EvtGen_A14N_GG_2stepWZ_1800_1100_750_400	0.00151580	1.00000 	1.00000 	0.00165
371286	MadGraphPythia8EvtGen_A14N_GG_2stepWZ_1800_1150_825_500	0.00151630	1.00000 	1.00000 	0.00066
371287	MadGraphPythia8EvtGen_A14N_GG_2stepWZ_1800_1200_900_600	0.00151550	1.00000 	1.00000 	0.00132
371288	MadGraphPythia8EvtGen_A14N_GG_2stepWZ_1800_1250_975_700	0.00151600	1.00000 	1.00000 	0.00165
371289	MadGraphPythia8EvtGen_A14N_GG_2stepWZ_1800_1300_1050_800	0.00151530	1.00000 	1.00000 	0.00198
371290	MadGraphPythia8EvtGen_A14N_GG_2stepWZ_1800_1350_1125_900	0.00151500	1.00000 	1.00000 	0.00066
371291	MadGraphPythia8EvtGen_A14N_GG_2stepWZ_1900_1000_550_100	0.00087113	1.00000 	1.00000 	0.00040
371292	MadGraphPythia8EvtGen_A14N_GG_2stepWZ_1900_1050_625_200	0.00087063	1.00000 	1.00000 	0.00069
371293	MadGraphPythia8EvtGen_A14N_GG_2stepWZ_1900_1100_700_300	0.00087103	1.00000 	1.00000 	0.00184
371294	MadGraphPythia8EvtGen_A14N_GG_2stepWZ_1900_1150_775_400	0.00087008	1.00000 	1.00000 	0.00126
371295	MadGraphPythia8EvtGen_A14N_GG_2stepWZ_1900_1200_850_500	0.00087123	1.00000 	1.00000 	0.00155
371296	MadGraphPythia8EvtGen_A14N_GG_2stepWZ_1900_1250_925_600	0.00087055	1.00000 	1.00000 	0.00195
371297	MadGraphPythia8EvtGen_A14N_GG_2stepWZ_1900_1300_1000_700	0.00087020	1.00000 	1.00000 	0.00121
371298	MadGraphPythia8EvtGen_A14N_GG_2stepWZ_1900_1350_1075_800	0.00087065	1.00000 	1.00000 	0.00115
371299	MadGraphPythia8EvtGen_A14N_GG_2stepWZ_1900_1400_1150_900	0.00087123	1.00000 	1.00000 	0.00080
371300	MadGraphPythia8EvtGen_A14N_GG_2stepWZ_2000_1050_575_100	0.00050433	1.00000 	1.00000 	0.00149
371301	MadGraphPythia8EvtGen_A14N_GG_2stepWZ_2000_1100_650_200	0.00050455	1.00000 	1.00000 	0.00129
371302	MadGraphPythia8EvtGen_A14N_GG_2stepWZ_2000_1150_725_300	0.00050443	1.00000 	1.00000 	0.00050
371303	MadGraphPythia8EvtGen_A14N_GG_2stepWZ_2000_1200_800_400	0.00050455	1.00000 	1.00000 	0.00099
371304	MadGraphPythia8EvtGen_A14N_GG_2stepWZ_2000_1250_875_500	0.00050433	1.00000 	1.00000 	0.00149
371305	MadGraphPythia8EvtGen_A14N_GG_2stepWZ_2000_1300_950_600	0.00050438	1.00000 	1.00000 	0.00139
371306	MadGraphPythia8EvtGen_A14N_GG_2stepWZ_2000_1350_1025_700	0.00050430	1.00000 	1.00000 	0.00198
371307	MadGraphPythia8EvtGen_A14N_GG_2stepWZ_2000_1400_1100_800	0.00050473	1.00000 	1.00000 	0.00109
371308	MadGraphPythia8EvtGen_A14N_GG_2stepWZ_2000_1450_1175_900	0.00050465	1.00000 	1.00000 	0.00168
