372300	MGPy8EG_A14N_BB_onestepC1_350_175_75_SS2L	3.49570000	1.00000 	0.09992 	0.00057
372301	MGPy8EG_A14N_BB_onestepC1_400_150_50_SS2L	1.67600000	1.00000 	0.10171 	0.00060
372302	MGPy8EG_A14N_BB_onestepC1_400_190_90_SS2L	1.67700000	1.00000 	0.09725 	0.00000
372303	MGPy8EG_A14N_BB_onestepC1_400_225_125_SS2L	1.67950000	1.00000 	0.10147 	0.00149
372304	MGPy8EG_A14N_BB_onestepC1_450_150_50_SS2L	0.86245000	1.00000 	0.10189 	0.00168
372305	MGPy8EG_A14N_BB_onestepC1_450_200_100_SS2L	0.85870000	1.00000 	0.10161 	0.00198
372306	MGPy8EG_A14N_BB_onestepC1_450_240_140_SS2L	0.86120000	1.00000 	0.10039 	0.00116
372307	MGPy8EG_A14N_BB_onestepC1_450_275_175_SS2L	0.86205000	1.00000 	0.10193 	0.00133
372308	MGPy8EG_A14N_BB_onestepC1_500_150_50_SS2L	0.46795000	1.00000 	0.10449 	0.00011
372309	MGPy8EG_A14N_BB_onestepC1_500_200_100_SS2L	0.46815000	1.00000 	0.10269 	0.00160
372310	MGPy8EG_A14N_BB_onestepC1_500_250_150_SS2L	0.46745000	1.00000 	0.10125 	0.00118
372311	MGPy8EG_A14N_BB_onestepC1_500_290_190_SS2L	0.46805000	1.00000 	0.10150 	0.00053
372312	MGPy8EG_A14N_BB_onestepC1_500_325_225_SS2L	0.46765000	1.00000 	0.10159 	0.00032
372313	MGPy8EG_A14N_BB_onestepC1_550_200_100_SS2L	0.26510000	1.00000 	0.10111 	0.00038
372314	MGPy8EG_A14N_BB_onestepC1_550_250_150_SS2L	0.26500000	1.00000 	0.10127 	0.00038
372315	MGPy8EG_A14N_BB_onestepC1_550_300_200_SS2L	0.26485000	1.00000 	0.10246 	0.00132
372316	MGPy8EG_A14N_BB_onestepC1_550_340_240_SS2L	0.26490000	1.00000 	0.10044 	0.00076
372317	MGPy8EG_A14N_BB_onestepC1_550_375_275_SS2L	0.26500000	1.00000 	0.09943 	0.00038
372318	MGPy8EG_A14N_BB_onestepC1_600_150_50_SS2L	0.15585000	1.00000 	0.10559 	0.00160
372319	MGPy8EG_A14N_BB_onestepC1_600_250_150_SS2L	0.15600000	1.00000 	0.10277 	0.00128
372320	MGPy8EG_A14N_BB_onestepC1_600_300_200_SS2L	0.15580000	1.00000 	0.10399 	0.00000
372321	MGPy8EG_A14N_BB_onestepC1_600_350_250_SS2L	0.15595000	1.00000 	0.10127 	0.00160
372322	MGPy8EG_A14N_BB_onestepC1_600_390_290_SS2L	0.15575000	1.00000 	0.10162 	0.00032
372323	MGPy8EG_A14N_BB_onestepC1_600_425_325_SS2L	0.15590000	1.00000 	0.10235 	0.00000
372324	MGPy8EG_A14N_BB_onestepC1_650_200_100_SS2L	0.09459500	1.00000 	0.10378 	0.00005
372325	MGPy8EG_A14N_BB_onestepC1_650_300_200_SS2L	0.09447500	1.00000 	0.10286 	0.00048
372326	MGPy8EG_A14N_BB_onestepC1_650_350_250_SS2L	0.09460500	1.00000 	0.10369 	0.00026
372327	MGPy8EG_A14N_BB_onestepC1_650_400_300_SS2L	0.09451000	1.00000 	0.10223 	0.00095
372328	MGPy8EG_A14N_BB_onestepC1_650_440_340_SS2L	0.09451000	1.00000 	0.10257 	0.00063
372329	MGPy8EG_A14N_BB_onestepC1_650_475_375_SS2L	0.09444500	1.00000 	0.10131 	0.00005
372330	MGPy8EG_A14N_BB_onestepC1_700_150_50_SS2L	0.05886000	1.00000 	0.10629 	0.00068
372331	MGPy8EG_A14N_BB_onestepC1_700_250_150_SS2L	0.05885500	1.00000 	0.10424 	0.00025
372332	MGPy8EG_A14N_BB_onestepC1_700_350_250_SS2L	0.05884500	1.00000 	0.10296 	0.00008
372333	MGPy8EG_A14N_BB_onestepC1_700_400_300_SS2L	0.05887500	1.00000 	0.10236 	0.00025
372334	MGPy8EG_A14N_BB_onestepC1_700_450_350_SS2L	0.05889500	1.00000 	0.10166 	0.00076
372335	MGPy8EG_A14N_BB_onestepC1_700_490_390_SS2L	0.05885500	1.00000 	0.10130 	0.00059
372336	MGPy8EG_A14N_BB_onestepC1_700_525_425_SS2L	0.05883000	1.00000 	0.10082 	0.00187
372337	MGPy8EG_A14N_BB_onestepC1_750_200_100_SS2L	0.03744500	1.00000 	0.10617 	0.00013
372338	MGPy8EG_A14N_BB_onestepC1_750_300_200_SS2L	0.03747500	1.00000 	0.10433 	0.00013
372339	MGPy8EG_A14N_BB_onestepC1_750_400_300_SS2L	0.03745000	1.00000 	0.10547 	0.00027
372340	MGPy8EG_A14N_BB_onestepC1_750_450_350_SS2L	0.03745500	1.00000 	0.10269 	0.00120
372341	MGPy8EG_A14N_BB_onestepC1_750_500_400_SS2L	0.03744000	1.00000 	0.10194 	0.00027
372342	MGPy8EG_A14N_BB_onestepC1_750_540_440_SS2L	0.03744500	1.00000 	0.10417 	0.00013
372343	MGPy8EG_A14N_BB_onestepC1_750_575_475_SS2L	0.03745000	1.00000 	0.10065 	0.00027
372344	MGPy8EG_A14N_BB_onestepC1_800_150_50_SS2L	0.02434500	1.00000 	0.10695 	0.00021
372345	MGPy8EG_A14N_BB_onestepC1_800_250_150_SS2L	0.02434500	1.00000 	0.10410 	0.00021
372346	MGPy8EG_A14N_BB_onestepC1_800_350_250_SS2L	0.02433000	1.00000 	0.10462 	0.00082
372347	MGPy8EG_A14N_BB_onestepC1_800_450_350_SS2L	0.02433000	1.00000 	0.10425 	0.00082
372348	MGPy8EG_A14N_BB_onestepC1_800_500_400_SS2L	0.02431500	1.00000 	0.10111 	0.00103
372349	MGPy8EG_A14N_BB_onestepC1_800_550_450_SS2L	0.02432500	1.00000 	0.10303 	0.00103
372350	MGPy8EG_A14N_BB_onestepC1_800_590_490_SS2L	0.02432500	1.00000 	0.10296 	0.00144
372351	MGPy8EG_A14N_BB_onestepC1_800_625_525_SS2L	0.02432500	1.00000 	0.10191 	0.00062
372352	MGPy8EG_A14N_BB_onestepC1_850_200_100_SS2L	0.01604500	1.00000 	0.10560 	0.00031
372353	MGPy8EG_A14N_BB_onestepC1_850_300_200_SS2L	0.01604000	1.00000 	0.10469 	0.00062
372354	MGPy8EG_A14N_BB_onestepC1_850_400_300_SS2L	0.01606000	1.00000 	0.10445 	0.00000
372355	MGPy8EG_A14N_BB_onestepC1_850_500_400_SS2L	0.01605500	1.00000 	0.10270 	0.00031
372356	MGPy8EG_A14N_BB_onestepC1_850_550_450_SS2L	0.01604500	1.00000 	0.10365 	0.00093
372357	MGPy8EG_A14N_BB_onestepC1_850_600_500_SS2L	0.01604000	1.00000 	0.10284 	0.00062
372358	MGPy8EG_A14N_BB_onestepC1_850_640_540_SS2L	0.01604000	1.00000 	0.10282 	0.00062
372359	MGPy8EG_A14N_BB_onestepC1_850_675_575_SS2L	0.01603500	1.00000 	0.10187 	0.00031
372360	MGPy8EG_A14N_BB_onestepC1_900_150_50_SS2L	0.01075500	1.00000 	0.10829 	0.00046
372361	MGPy8EG_A14N_BB_onestepC1_900_250_150_SS2L	0.01075000	1.00000 	0.10668 	0.00093
372362	MGPy8EG_A14N_BB_onestepC1_900_350_250_SS2L	0.01075500	1.00000 	0.10595 	0.00046
372363	MGPy8EG_A14N_BB_onestepC1_900_450_350_SS2L	0.01074500	1.00000 	0.10373 	0.00047
372364	MGPy8EG_A14N_BB_onestepC1_900_550_450_SS2L	0.01075500	1.00000 	0.10354 	0.00139
372365	MGPy8EG_A14N_BB_onestepC1_900_600_500_SS2L	0.01076500	1.00000 	0.10260 	0.00046
372366	MGPy8EG_A14N_BB_onestepC1_900_650_550_SS2L	0.01075500	1.00000 	0.10296 	0.00046
372367	MGPy8EG_A14N_BB_onestepC1_900_690_590_SS2L	0.01075500	1.00000 	0.10167 	0.00139
372368	MGPy8EG_A14N_BB_onestepC1_900_725_625_SS2L	0.01074500	1.00000 	0.10072 	0.00047
