370100	MGPy8EG_A14N_GG_ttn1_900_5000_1	0.49961000	1.00000 	1.00000 	0.00470
370101	MGPy8EG_A14N_GG_ttn1_900_5000_200	0.49971000	1.00000 	1.00000 	0.00540
370102	MGPy8EG_A14N_GG_ttn1_900_5000_400	0.49945000	1.00000 	1.00000 	0.00481
370103	MGPy8EG_A14N_GG_ttn1_900_5000_545	0.49979000	1.00000 	1.00000 	0.00591
370104	MGPy8EG_A14N_GG_ttn1_1000_5000_1	0.23234000	1.00000 	1.00000 	0.00517
370105	MGPy8EG_A14N_GG_ttn1_1000_5000_200	0.23242000	1.00000 	1.00000 	0.00344
370106	MGPy8EG_A14N_GG_ttn1_1000_5000_400	0.23225000	1.00000 	1.00000 	0.00323
370107	MGPy8EG_A14N_GG_ttn1_1000_5000_600	0.23258000	1.00000 	1.00000 	0.00430
370108	MGPy8EG_A14N_GG_ttn1_1000_5000_645	0.23249000	1.00000 	1.00000 	0.00494
370109	MGPy8EG_A14N_GG_ttn1_1100_5000_1	0.11303000	1.00000 	1.00000 	0.00354
370110	MGPy8EG_A14N_GG_ttn1_1100_5000_200	0.11319000	1.00000 	1.00000 	0.00663
370111	MGPy8EG_A14N_GG_ttn1_1100_5000_400	0.11309000	1.00000 	1.00000 	0.00354
370112	MGPy8EG_A14N_GG_ttn1_1100_5000_600	0.11319000	1.00000 	1.00000 	0.00441
370113	MGPy8EG_A14N_GG_ttn1_1100_5000_745	0.11308000	1.00000 	1.00000 	0.00487
370114	MGPy8EG_A14N_GG_ttn1_1200_5000_1	0.05703700	1.00000 	1.00000 	0.00281
370115	MGPy8EG_A14N_GG_ttn1_1200_5000_100	0.05698200	1.00000 	1.00000 	0.00307
370116	MGPy8EG_A14N_GG_ttn1_1200_5000_200	0.05698600	1.00000 	1.00000 	0.00333
370117	MGPy8EG_A14N_GG_ttn1_1200_5000_400	0.05701900	1.00000 	1.00000 	0.00526
370118	MGPy8EG_A14N_GG_ttn1_1200_5000_600	0.05700200	1.00000 	1.00000 	0.00491
370119	MGPy8EG_A14N_GG_ttn1_1200_5000_700	0.05702800	1.00000 	1.00000 	0.00395
370120	MGPy8EG_A14N_GG_ttn1_1200_5000_800	0.05702800	1.00000 	1.00000 	0.00606
370121	MGPy8EG_A14N_GG_ttn1_1200_5000_845	0.05698600	1.00000 	1.00000 	0.00316
370122	MGPy8EG_A14N_GG_ttn1_1200_5000_855	0.05698500	1.00000 	1.00000 	0.00281
370123	MGPy8EG_A14N_GG_ttn1_1300_5000_1	0.02961400	1.00000 	1.00000 	0.00456
370124	MGPy8EG_A14N_GG_ttn1_1300_5000_200	0.02960700	1.00000 	1.00000 	0.00541
370125	MGPy8EG_A14N_GG_ttn1_1300_5000_400	0.02960300	1.00000 	1.00000 	0.00490
370126	MGPy8EG_A14N_GG_ttn1_1300_5000_600	0.02961600	1.00000 	1.00000 	0.00405
370127	MGPy8EG_A14N_GG_ttn1_1300_5000_800	0.02961400	1.00000 	1.00000 	0.00489
370128	MGPy8EG_A14N_GG_ttn1_1300_5000_945	0.02961700	1.00000 	1.00000 	0.00439
370129	MGPy8EG_A14N_GG_ttn1_1400_5000_1	0.01575600	1.00000 	1.00000 	0.00507
370130	MGPy8EG_A14N_GG_ttn1_1400_5000_100	0.01576500	1.00000 	1.00000 	0.00317
370131	MGPy8EG_A14N_GG_ttn1_1400_5000_200	0.01575900	1.00000 	1.00000 	0.00381
370132	MGPy8EG_A14N_GG_ttn1_1400_5000_400	0.01576000	1.00000 	1.00000 	0.00380
370133	MGPy8EG_A14N_GG_ttn1_1400_5000_600	0.01574900	1.00000 	1.00000 	0.00317
370134	MGPy8EG_A14N_GG_ttn1_1400_5000_800	0.01576200	1.00000 	1.00000 	0.00380
370135	MGPy8EG_A14N_GG_ttn1_1400_5000_1000	0.01575100	1.00000 	1.00000 	0.00349
370136	MGPy8EG_A14N_GG_ttn1_1400_5000_1045	0.01576200	1.00000 	1.00000 	0.00349
370137	MGPy8EG_A14N_GG_ttn1_1500_5000_1	0.00857990	1.00000 	1.00000 	0.00384
370138	MGPy8EG_A14N_GG_ttn1_1500_5000_200	0.00858470	1.00000 	1.00000 	0.00338
370139	MGPy8EG_A14N_GG_ttn1_1500_5000_400	0.00857940	1.00000 	1.00000 	0.00303
370140	MGPy8EG_A14N_GG_ttn1_1500_5000_600	0.00857920	1.00000 	1.00000 	0.00274
370141	MGPy8EG_A14N_GG_ttn1_1500_5000_800	0.00858000	1.00000 	1.00000 	0.00315
370142	MGPy8EG_A14N_GG_ttn1_1500_5000_1000	0.00858470	1.00000 	1.00000 	0.00326
370143	MGPy8EG_A14N_GG_ttn1_1500_5000_1145	0.00858140	1.00000 	1.00000 	0.00402
370144	MGPy8EG_A14N_GG_ttn1_1600_5000_1	0.00474680	1.00000 	1.00000 	0.00284
370145	MGPy8EG_A14N_GG_ttn1_1600_5000_200	0.00474520	1.00000 	1.00000 	0.00306
370146	MGPy8EG_A14N_GG_ttn1_1600_5000_400	0.00474480	1.00000 	1.00000 	0.00358
370147	MGPy8EG_A14N_GG_ttn1_1600_5000_600	0.00474760	1.00000 	1.00000 	0.00274
370148	MGPy8EG_A14N_GG_ttn1_1600_5000_800	0.00474370	1.00000 	1.00000 	0.00274
370149	MGPy8EG_A14N_GG_ttn1_1600_5000_1000	0.00474720	1.00000 	1.00000 	0.00369
370150	MGPy8EG_A14N_GG_ttn1_1600_5000_1200	0.00474500	1.00000 	1.00000 	0.00232
370151	MGPy8EG_A14N_GG_ttn1_1600_5000_1245	0.00474650	1.00000 	1.00000 	0.00232
370152	MGPy8EG_A14N_GG_ttn1_1700_5000_1	0.00266320	1.00000 	1.00000 	0.00356
370153	MGPy8EG_A14N_GG_ttn1_1700_5000_200	0.00266240	1.00000 	1.00000 	0.00225
370154	MGPy8EG_A14N_GG_ttn1_1700_5000_400	0.00266290	1.00000 	1.00000 	0.00357
370155	MGPy8EG_A14N_GG_ttn1_1700_5000_600	0.00266540	1.00000 	1.00000 	0.00262
370156	MGPy8EG_A14N_GG_ttn1_1700_5000_800	0.00266400	1.00000 	1.00000 	0.00244
370157	MGPy8EG_A14N_GG_ttn1_1700_5000_1000	0.00266400	1.00000 	1.00000 	0.00301
370158	MGPy8EG_A14N_GG_ttn1_1700_5000_1200	0.00266380	1.00000 	1.00000 	0.00263
370159	MGPy8EG_A14N_GG_ttn1_1700_5000_1345	0.00266270	1.00000 	1.00000 	0.00225
370160	MGPy8EG_A14N_GG_ttn1_1800_5000_1	0.00151560	1.00000 	1.00000 	0.00330
370161	MGPy8EG_A14N_GG_ttn1_1800_5000_200	0.00151430	1.00000 	1.00000 	0.00330
370162	MGPy8EG_A14N_GG_ttn1_1800_5000_400	0.00151510	1.00000 	1.00000 	0.00330
370163	MGPy8EG_A14N_GG_ttn1_1800_5000_600	0.00151500	1.00000 	1.00000 	0.00429
370164	MGPy8EG_A14N_GG_ttn1_1800_5000_800	0.00151430	1.00000 	1.00000 	0.00330
370165	MGPy8EG_A14N_GG_ttn1_1800_5000_1000	0.00151510	1.00000 	1.00000 	0.00330
370166	MGPy8EG_A14N_GG_ttn1_1800_5000_1200	0.00151430	1.00000 	1.00000 	0.00363
370167	MGPy8EG_A14N_GG_ttn1_1800_5000_1400	0.00151490	1.00000 	1.00000 	0.00330
370168	MGPy8EG_A14N_GG_ttn1_1800_5000_1445	0.00151440	1.00000 	1.00000 	0.00330
370169	MGPy8EG_A14N_GG_ttn1_1900_5000_1	0.00087089	1.00000 	1.00000 	0.00212
370170	MGPy8EG_A14N_GG_ttn1_1900_5000_200	0.00087109	1.00000 	1.00000 	0.00322
370171	MGPy8EG_A14N_GG_ttn1_1900_5000_400	0.00087091	1.00000 	1.00000 	0.00264
370172	MGPy8EG_A14N_GG_ttn1_1900_5000_600	0.00087097	1.00000 	1.00000 	0.00281
370173	MGPy8EG_A14N_GG_ttn1_1900_5000_800	0.00087070	1.00000 	1.00000 	0.00333
370174	MGPy8EG_A14N_GG_ttn1_1900_5000_1000	0.00087110	1.00000 	1.00000 	0.00224
370175	MGPy8EG_A14N_GG_ttn1_1900_5000_1200	0.00087096	1.00000 	1.00000 	0.00264
370176	MGPy8EG_A14N_GG_ttn1_1900_5000_1400	0.00087056	1.00000 	1.00000 	0.00276
370177	MGPy8EG_A14N_GG_ttn1_1900_5000_1545	0.00087071	1.00000 	1.00000 	0.00281
370178	MGPy8EG_A14N_GG_ttn1_2000_5000_1	0.00050470	1.00000 	1.00000 	0.00347
370179	MGPy8EG_A14N_GG_ttn1_2000_5000_200	0.00050467	1.00000 	1.00000 	0.00297
370180	MGPy8EG_A14N_GG_ttn1_2000_5000_400	0.00050486	1.00000 	1.00000 	0.00257
370181	MGPy8EG_A14N_GG_ttn1_2000_5000_600	0.00050455	1.00000 	1.00000 	0.00307
370182	MGPy8EG_A14N_GG_ttn1_2000_5000_800	0.00050463	1.00000 	1.00000 	0.00307
370183	MGPy8EG_A14N_GG_ttn1_2000_5000_1000	0.00050482	1.00000 	1.00000 	0.00426
370184	MGPy8EG_A14N_GG_ttn1_2000_5000_1200	0.00050467	1.00000 	1.00000 	0.00228
370185	MGPy8EG_A14N_GG_ttn1_2000_5000_1400	0.00050467	1.00000 	1.00000 	0.00297
370186	MGPy8EG_A14N_GG_ttn1_2000_5000_1600	0.00050468	1.00000 	1.00000 	0.00287
370187	MGPy8EG_A14N_GG_ttn1_2000_5000_1645	0.00050474	1.00000 	1.00000 	0.00327
